0.4878
0.6969
0.8082
0.8601
0.8889
0.9067
0.9186
0.9274
0.9346
0.9402
0.9448
0.9486
0.9518
0.9547
0.9571
0.9592
0.9611
0.9628
0.9642
0.9656
0.9668
0.9678
0.9688
0.9697
0.9706
0.9713
0.9721
0.9727
0.9733
0.9739
0.9745
0.9750
0.9754
0.9759
0.9763
0.9767
0.9771
0.9774
0.9777
0.9781
0.9784
0.9787
0.9789
0.9792
0.9794
0.9796
0.9799
0.9801
0.9803
0.9805
0.9807
0.9809
0.9811
0.9812
0.9814
0.9815
0.9817
0.9818
0.9820
0.9821
0.9822
0.9824
0.9825
0.9826
0.9827
0.9828
0.9829
0.9830
0.9831
0.9833
0.9834
0.9835
0.9836
0.9837
0.9838
0.9839
0.9840
0.9841
0.9842
0.9843
0.9844
0.9845
0.9846
0.9847
0.9848
0.9849
0.9850
0.9851
0.9852
0.9853
0.9854
0.9855
0.9856
0.9857
0.9858
0.9859
0.9860
0.9861
0.9862
0.9863
0.9864
0.9865
0.9866
0.9867
0.9868
0.9869
0.9870
0.9871
0.9872
0.9873
0.9874
0.9875
0.9876
0.9877
0.9878
0.9879
0.9880
0.9881
0.9882
0.9883
0.9884
0.9885
0.9886
0.9887
0.9888
0.9889
0.9890
0.9891
0.9892
0.9893
0.9894
0.9895
0.9896
0.9897
0.9926
0.9929
0.9928
0.9927
0.9926
0.9927
0.9926
0.9927
0.9928
0.9927
0.9926
0.9927
0.9928
0.9929
0.9930
0.9931
0.9932
0.9933
0.9934
0.9940
0.9944
0.9939
0.9943
0.9944
0.9943
0.9942
0.9941
0.9942
0.9941
0.9942
0.9943
0.9944
0.9945
0.9946
0.9951
0.9952
0.9951
0.9950
0.9951
0.9952
0.9951
0.9952
0.9951
0.9952
0.9951
0.9952
0.9951
0.9952
0.9953
0.9952
0.9953
0.9952
0.9953
0.9955
0.9951
0.9956
0.9955
0.9956
0.9957
0.9956
0.9957
0.9956
0.9957
0.9956
0.9957
0.9956
0.9957
0.9956
0.9957
0.9958
0.9957
0.9958
0.9967
0.9964
0.9962
0.9961
0.9962
0.9961
0.9962
0.9961
0.9962
0.9961
0.9962
0.9961
0.9965
0.9967
0.9965
0.9967
0.9965
0.9963
0.9964
0.9965
0.9964
0.9965
0.9966
0.9965
0.9962
0.9971
0.9968
0.9971
0.9970
0.9969
0.9968
0.9969
0.9968
0.9967
0.9968
0.9967
0.9968
0.9967
0.9962
0.9973
0.9970
0.9971
0.9970
0.9971
0.9970
0.9971
0.9970
0.9971
0.9970
0.9971
0.9970
0.9971
0.9970
0.9971
0.9970
0.9971
0.9970
0.9971
0.9970
0.9971
0.9970
0.9971
0.9970
0.9971
0.9970
0.9971
0.9970
0.9971
0.9970
0.9963
0.9977
0.9976
0.9975
0.9974
0.9975
0.9974
0.9973
0.9974
0.9973
0.9974
0.9973
0.9972
0.9973
0.9972
0.9973
0.9972
0.9973
0.9972
0.9964
0.9972
0.9977
0.9976
0.9975
0.9974
0.9975
0.9974
0.9963
0.9978
0.9976
0.9977
0.9978
0.9977
0.9976
0.9977
0.9976
0.9964
0.9980
0.9978
0.9979
0.9980
0.9979
0.9980
0.9979
0.9980
0.9979
0.9978
0.9979
0.9978
0.9964
0.9983
0.9982
0.9980
0.9981
0.9982
0.9981
0.9980
0.9981
0.9980
0.9979
0.9963
0.9981
0.9980
0.9982
0.9981
0.9982
0.9981
0.9982
0.9981
0.9982
0.9981
0.9982
0.9981
0.9964
0.9981
0.9984
0.9985
0.9986
0.9985
0.9984
0.9985
0.9984
0.9983
0.9982
0.9964
0.9986
0.9985
0.9986
0.9985
0.9983
0.9984
0.9983
0.9964
0.9983
0.9982
0.9984
0.9983
0.9984
0.9985
0.9984
0.9964
0.9987
0.9989
0.9988
0.9987
0.9986
0.9985
0.9964
0.9989
0.9985
0.9987
0.9986
0.9987
0.9986
0.9987
0.9986
0.9987
0.9986
0.9987
0.9986
0.9987
0.9986
0.9985
0.9964
0.9988
0.9987
0.9988
0.9987
0.9988
0.9987
0.9988
0.9987
0.9986
0.9964
0.9988
0.9987
0.9986
0.9987
0.9988
0.9987
0.9988
0.9987
0.9964
0.9989
0.9988
0.9989
0.9988
0.9987
0.9988
0.9989
0.9988
0.9989
0.9988
0.9989
0.9988
0.9989
0.9988
0.9987
0.9964
0.9992
0.9989
0.9990
0.9989
0.9990
0.9989
0.9990
0.9989
0.9990
0.9989
0.9990
0.9989
0.9990
0.9989
0.9988
0.9964
0.9992
0.9989
0.9990
0.9989
0.9990
0.9989
0.9990
0.9989
0.9988
0.9963
0.9992
0.9991
0.9990
0.9989
0.9964
0.9991
0.9990
0.9991
0.9990
0.9991
0.9990
0.9991
0.9990
0.9989
0.9964
0.9992
0.9991
0.9990
0.9991
0.9990
0.9964
0.9992
0.9990
0.9991
0.9990
0.9964
0.9992
0.9990
0.9991
0.9990
0.9991
0.9990
0.9964
0.9992
0.9991
0.9992
0.9991
0.9992
0.9991
0.9992
0.9991
0.9992
0.9991
0.9992
0.9991
0.9992
0.9991
0.9992
0.9991
0.9992
0.9991
0.9964
0.9992
0.9991
0.9992
0.9991
0.9964
0.9992
0.9993
0.9992
0.9991
0.9964
0.9993
0.9992
0.9991
0.9992
0.9991
0.9964
0.9992
0.9993
0.9992
0.9964
0.9991
0.9993
0.9992
0.9964
0.9993
0.9992
0.9993
0.9992
0.9993
0.9992
0.9993
0.9992
0.9965
0.9993
0.9994
0.9993
0.9992
0.9993
0.9992
0.9964
0.9995
0.9993
0.9964
0.9993
0.9992
0.9993
0.9965
0.9995
0.9994
0.9993
0.9994
0.9993
0.9994
0.9993
0.9994
0.9993
0.9994
0.9993
0.9994
0.9993
0.9964
0.9994
0.9993
0.9994
0.9993
0.9994
0.9993
0.9994
0.9993
0.9994
0.9993
0.9994
0.9993
0.9964
0.9993
0.9994
0.9993
0.9994
0.9993
0.9964
0.9994
0.9993
0.9994
0.9993
0.9965
0.9996
0.9995
0.9994
0.9993
0.9964
0.9995
0.9994
0.9993
0.9964
0.9994
0.9993
0.9994
0.9993
0.9994
0.9964
0.9996
0.9994
0.9993
0.9994
0.9993
0.9994
0.9993
0.9964
0.9994
0.9964
0.9996
0.9995
0.9994
0.9965
0.9997
0.9995
0.9994
0.9995
0.9994
0.9995
0.9994
0.9995
0.9994
0.9965
0.9995
0.9994
0.9995
0.9994
0.9995
0.9994
0.9995
0.9994
0.9964
0.9995
0.9994
0.9995
0.9994
0.9995
0.9994
0.9995
0.9994
0.9965
0.9995
0.9994
0.9995
0.9994
0.9965
0.9994
0.9995
0.9994
0.9995
0.9994
0.9995
0.9994
0.9964
0.9994
0.9995
0.9994
0.9995
0.9994
0.9964
0.9995
0.9994
0.9964
0.9995
0.9994
0.9995
0.9994
0.9964
0.9995
0.9994
0.9995
0.9994
0.9995
0.9994
0.9964
0.9995
0.9994
0.9995
0.9994
0.9995
0.9994
0.9995
0.9994
0.9995
0.9965
0.9995
0.9964
0.9993
0.9994
0.9995
0.9964
0.9995
0.9965
0.9994
0.9995
0.9965
0.9995
0.9964
0.9996
0.9995
0.9996
0.9995
0.9996
0.9995
0.9996
0.9995
0.9996
0.9995
0.9996
0.9995
0.9996
0.9995
0.9996
0.9995
0.9996
0.9995
0.9964
0.9996
0.9995
0.9996
0.9995
0.9996
0.9995
0.9996
0.9995
0.9996
0.9995
0.9964
0.9995
0.9996
0.9995
0.9996
0.9995
0.9964
0.9996
0.9995
0.9964
0.9996
0.9995
0.9996
0.9995
0.9964
0.9994
0.9995
0.9964
0.9997
0.9996
0.9995
0.9996
0.9995
0.9964
0.9996
0.9995
0.9996
0.9995
0.9964
0.9997
0.9996
0.9995
0.9964
0.9996
0.9995
0.9996
0.9995
0.9965
0.9997
0.9996
0.9995
0.9965
0.9995
0.9996
0.9995
0.9996
0.9995
0.9996
0.9995
0.9996
0.9995
0.9996
0.9995
0.9964
0.9996
0.9995
0.9996
0.9995
0.9996
0.9995
0.9964
0.9996
0.9995
0.9996
0.9964
0.9996
0.9965
0.9995
0.9996
0.9995
0.9996
0.9995
0.9964
0.9996
0.9995
0.9996
0.9995
0.9996
0.9964
0.9997
0.9996
0.9995
0.9964
0.9996
0.9997
0.9996
0.9964
0.9997
0.9996
0.9995
0.9994
0.9995
0.9996
0.9964
0.9996
0.9995
0.9996
0.9995
0.9996
0.9964
0.9997
0.9996
0.9964
0.9997
0.9996
0.9964
0.9996
0.9964
0.9996
0.9964
0.9995
0.9996
0.9995
0.9996
0.9995
0.9996
0.9964
0.9997
0.9996
0.9997
0.9996
0.9964
0.9997
0.9996
0.9964
0.9996
0.9997
0.9996
0.9964
0.9996
0.9964
0.9995
0.9996
0.9995
0.9996
0.9965
0.9995
0.9996
0.9964
0.9997
0.9996
0.9964
0.9996
0.9997
0.9996
0.9964
0.9996
0.9964
0.9997
0.9996
0.9965
0.9996
0.9997
0.9996
0.9964
0.9995
0.9996
0.9964
0.9995
0.9996
0.9995
0.9996
0.9965
0.9997
0.9996
0.9964
0.9997
0.9996
0.9964
0.9997
0.9996
0.9964
0.9996
0.9997
0.9996
0.9997
0.9996
0.9997
0.9996
0.9997
0.9996
0.9997
0.9996
0.9965
0.9997
0.9996
0.9964
0.9998
0.9997
0.9996
0.9964
0.9997
0.9996
0.9964
0.9996
0.9995
0.9996
0.9965
0.9996
0.9997
0.9996
0.9997
0.9996
0.9997
0.9996
0.9964
0.9997
0.9996
0.9997
0.9996
0.9964
0.9997
0.9996
0.9964
0.9996
0.9997
0.9996
0.9997
0.9996
0.9964
0.9997
0.9996
0.9997
0.9996
0.9997
0.9996
0.9997
0.9996
0.9997
0.9996
0.9997
0.9996
0.9964
0.9997
0.9996
0.9964
0.9995
0.9996
0.9997
0.9996
0.9997
0.9996
0.9997
0.9996
0.9997
0.9996
0.9997
0.9996
0.9997
0.9996
0.9997
0.9996
0.9964
0.9997
0.9996
0.9997
0.9996
0.9997
0.9964
0.9996
0.9997
0.9996
0.9997
0.9996
0.9997
0.9996
0.9964
0.9996
0.9997
0.9996
0.9997
0.9996
0.9964
0.9997
0.9996
0.9997
0.9996
0.9997
0.9996
0.9964
0.9996
0.9997
0.9964
0.9998
0.9997
0.9964
0.9997
0.9996
0.9997
0.9996
0.9997
0.9996
0.9997
0.9996
0.9997
0.9996
0.9997
0.9996
0.9997
0.9996
0.9997
0.9996
0.9964
0.9996
0.9997
0.9964
0.9996
0.9997
0.9996
0.9997
0.9996
0.9997
0.9996
0.9997
0.9964
0.9998
0.9996
0.9997
0.9996
0.9997
0.9996
0.9964
0.9998
0.9997
0.9964
0.9996
0.9997
0.9965
0.9997
0.9964
0.9996
0.9997
0.9964
0.9996
0.9997
0.9996
0.9997
0.9996
0.9997
0.9996
0.9997
0.9996
0.9997
0.9965
0.9997
0.9964
0.9997
0.9996
0.9997
0.9965
0.9997
0.9964
0.9996
0.9997
0.9996
0.9997
0.9964
0.9997
0.9996
0.9997
0.9964
0.9997
0.9998
0.9997
0.9964
0.9995
0.9996
0.9997
0.9964
0.9997
0.9964
0.9997
0.9964
0.9997
0.9996
0.9997
0.9964
0.9997
0.9964
0.9997
0.9964
0.9998
0.9996
0.9997
0.9964
0.9997
0.9964
0.9998
0.9997
0.9996
0.9997
0.9996
0.9997
0.9964
0.9997
0.9996
0.9997
0.9996
0.9997
0.9965
0.9997
0.9996
0.9997
0.9964
0.9995
0.9997
0.9996
0.9997
0.9964
0.9998
0.9997
0.9964
0.9998
0.9997
0.9964
0.9997
0.9996
0.9997
0.9964
0.9997
0.9996
0.9997
0.9964
0.9997
0.9964
0.9997
0.9964
0.9997
0.9964
0.9998
0.9997
0.9964
0.9998
0.9997
0.9964
0.9997
0.9964
0.9998
0.9997
0.9964
0.9998
0.9997
0.9964
0.9997
0.9996
0.9997
0.9964
0.9997
0.9964
0.9998
0.9997
0.9996
0.9997
0.9996
0.9997
0.9964
0.9997
0.9964
0.9997
0.9964
0.9998
0.9997
0.9964
0.9998
0.9997
0.9964
0.9998
0.9997
0.9964
0.9998
0.9997
0.9964
0.9998
0.9997
0.9998
0.9997
0.9964
0.9995
0.9997
0.9964
0.9999
0.9998
0.9997
0.9963
0.9997
0.9998
0.9997
0.9963
0.9996
0.9997
0.9964
0.9998
0.9997
0.9998
0.9997
0.9964
0.9997
0.9996
0.9997
0.9964
0.9997
0.9964
0.9996
0.9997
0.9996
0.9997
0.9996
0.9997
0.9964
0.9997
0.9964
0.9997
0.9964
0.9998
0.9997
0.9964
0.9998
0.9997
0.9963
0.9996
0.9997
0.9964
0.9997
0.9964
0.9997
0.9964
0.9997
0.9964
0.9997
0.9998
0.9997
0.9963
0.9997
0.9996
0.9997
0.9964
0.9997
0.9964
0.9997
0.9964
0.9997
0.9964
0.9997
0.9998
0.9997
0.9998
0.9997
0.9998
0.9997
0.9998
0.9997
0.9964
0.9997
0.9998
0.9997
0.9964
0.9997
0.9998
0.9997
0.9998
0.9997
0.9998
0.9997
0.9964
0.9998
0.9997
0.9964
0.9997
0.9998
0.9997
0.9964
